2 2 2 2 X X 2 2 2 2 2 2 2 2 2 2 2 2 2 2 2 2 2 2 2 2 2 2 2 2 2 2 2 X X 2 2 2 2 2 2
2 2 2 X 2 2 X 2 2 2 2 2 2 2 2 2 2 2 2 2 2 2 2 2 2 2 2 2 2 2 2 2 X 2 2 X 2 2 2 2
2 2 X 2 2 2 2 X 2 2 2 2 2 2 2 2 2 2 2 2 2 2 2 2 2 2 2 2 2 2 2 X 2 2 2 2 X 2 2 2
2 X 2 2 3 3 2 2 X 2 2 2 2 2 2 2 2 2 2 2 2 2 2 2 2 2 2 2 X 2 2 3 3 2 2 X 2 2 2
X 2 2 3 1 1 3 2 2 X 2 2 2 2 2 2 2 2 2 2 2 2 2 2 2 2 2 X 2 2 3 1 1 3 2 2 X 2 2
X 2 2 3 1 1 3 2 2 2 X 2 2 2 2 2 2 2 2 2 2 2 2 2 2 2 X 2 2 3 1 1 3 2 2 2 X 2
2 X 2 2 3 3 2 2 2 2 2 X 2 2 2 2 2 2 2 2 2 2 2 2 2 X 2 2 2 3 3 2 2 2 2 2 X 2
2 2 X 2 2 3 3 2 2 2 2 2 X 2 2 2 2 2 2 2 2 2 2 2 X 2 2 2 2 3 3 2 2 2 2 2 2 X
2 2 2 X 2 2 3 3 2 2 2 2 2 X 2 2 2 2 2 2 2 2 2 X 2 2 2 2 2 3 3 2 2 2 2 2 2 2 X
2 2 2 2 X 2 2 3 3 2 2 2 2 2 X 2 2 2 2 2 2 2 X 2 2 2 2 2 2 3 3 2 2 2 2 2 2 2 2 X
2 2 2 2 2 X 2 2 3 3 2 2 2 2 2 X 2 2 2 2 2 X 2 2 2 2 2 2 2 3 3 2 2 2 2 2 2 2 2 2 X
2 2 2 2 2 2 X 2 2 3 3 3 3 3 3 3 3 3 3 3 3 3 3 3 3 3 3 2 2 X 2 2 2 2 2 2 2 2 2 2
2 2 2 2 2 2 2 X 2 2 3 3 2 2 2 2 2 2 2 2 2 2 2 2 2 2 3 3 2 2 X 2 2 2 2 2 2 2 2 2
2 2 2 2 2 2 2 2 X 2 2 3 2 X X X X X X X X X X X X X 2 3 2 2 X 2 2 2 2 2 2 2 2 2
2 2 2 2 2 2 2 2 2 X 2 2 X 2 2 2 2 2 2 2 2 2 2 2 2 2 X 2 2 X 2 2 2 2 2 2 2 2 2
2 2 2 2 2 2 2 2 2 2 X 2 X 2 2 2 2 2 2 2 2 2 2 2 2 2 X 2 X 2 2 2 2 2 2 2 2 2 2
2 2 2 2 2 2 2 2 2 X 2 2 3 2 2 2 2 2 2 2 2 2 2 2 2 2 3 2 2 X 2 2 2 2 2 2 2 2 2
2 2 2 2 2 2 2 2 X 2 2 3 3 3 2 2 2 2 2 2 2 2 2 2 2 3 3 3 2 2 X 2 2 2 2 2 2 2 2
2 2 2 2 2 2 2 X 2 2 3 3 2 3 3 2 2 2 2 2 2 2 2 2 3 3 2 3 3 2 2 X 2 2 2 2 2 2 2
2 2 2 2 2 2 X 2 2 3 3 2 2 2 3 3 2 2 2 2 2 2 2 2 3 3 2 2 2 3 3 2 2 X 2 2 2 2 2